[[0.435639 0.0; 0.0 0.564361], [0.676004 0.0; 0.0 0.323996], [0.33322 0.0; 0.0 0.66678]]:0.4025:ComplexF64[0.1758 + 0.0im, 0.0 - 0.0im]:Float16[0.4, 0.26, 0.34]
[[0.632516 0.0; 0.0 0.367484], [0.603017 0.0; 0.0 0.396983], [0.823767 0.0; 0.0 0.176233]]:0.3731:ComplexF64[0.2341 + 0.0im, 0.0 - 0.0im]:Float16[0.37, 0.35, 0.28]
[[0.789308 0.0; 0.0 0.210692], [0.090487 0.0; 0.0 0.909513], [0.33961 0.0; 0.0 0.66039]]:0.4671:ComplexF64[0.1578 + 0.0im, 0.0 - 0.0im]:Float16[0.2, 0.34, 0.46]
[[0.074264 0.0; 0.0 0.925736], [0.555173 0.0; 0.0 0.444827], [0.802822 0.0; 0.0 0.197178]]:0.4616:ComplexF64[0.257 + 0.0im, 0.0 - 0.0im]:Float16[0.22, 0.46, 0.32]
[[0.835441 0.0; 0.0 0.164559], [0.188636 0.0; 0.0 0.811364], [0.117783 0.0; 0.0 0.882217]]:0.47:ComplexF64[0.0887 + 0.0im, 0.0 - 0.0im]:Float16[0.1, 0.47, 0.43]
[[0.553872 0.0; 0.0 0.446128], [0.773824 0.0; 0.0 0.226176], [0.473233 0.0; 0.0 0.526767]]:0.3906:ComplexF64[0.2167 + 0.0im, 0.0 - 0.0im]:Float16[0.39, 0.28, 0.33]
[[0.809946 0.0; 0.0 0.190054], [0.543468 0.0; 0.0 0.456532], [0.122229 0.0; 0.0 0.877771]]:0.4606:ComplexF64[0.25 + 0.0im, 0.0 - 0.0im]:Float16[0.3, 0.46, 0.24]
[[0.435975 0.0; 0.0 0.564025], [0.568249 0.0; 0.0 0.431751], [0.94864 0.0; 0.0 0.05136]]:0.4248:ComplexF64[0.2386 + 0.0im, 0.0 - 0.0im]:Float16[0.33, 0.42, 0.25]
[[0.40473 0.0; 0.0 0.59527], [0.469969 0.0; 0.0 0.530031], [0.434441 0.0; 0.0 0.565559]]:0.3501:ComplexF64[0.1521 + 0.0im, 0.0 - 0.0im]:Float16[0.33, 0.32, 0.35]
[[0.336783 0.0; 0.0 0.663217], [0.636804 0.0; 0.0 0.363196], [0.738849 0.0; 0.0 0.261151]]:0.4186:ComplexF64[0.2661 + 0.0im, 0.0 - 0.0im]:Float16[0.23, 0.41, 0.36]
[[0.911549 0.0; 0.0 0.088451], [0.763833 0.0; 0.0 0.236167], [0.218365 0.0; 0.0 0.781635]]:0.47:ComplexF64[0.359 + 0.0im, 0.0 - 0.0im]:Float16[0.39, 0.47, 0.14]
[[0.587625 0.0; 0.0 0.412375], [0.443248 0.0; 0.0 0.556752], [0.852245 0.0; 0.0 0.147755]]:0.4135:ComplexF64[0.2409 + 0.0im, 0.0 - 0.0im]:Float16[0.41, 0.31, 0.28]
[[0.525095 0.0; 0.0 0.474905], [0.649021 0.0; 0.0 0.350979], [0.448798 0.0; 0.0 0.551202]]:0.3767:ComplexF64[0.1947 + 0.0im, 0.0 - 0.0im]:Float16[0.37, 0.3, 0.33]
[[0.46923 0.0; 0.0 0.53077], [0.693745 0.0; 0.0 0.306255], [0.357554 0.0; 0.0 0.642446]]:0.3999:ComplexF64[0.1876 + 0.0im, 0.0 - 0.0im]:Float16[0.4, 0.27, 0.33]
[[0.778567 0.0; 0.0 0.221433], [0.827293 0.0; 0.0 0.172707], [0.463825 0.0; 0.0 0.536175]]:0.4274:ComplexF64[0.3308 + 0.0im, 0.0 - 0.0im]:Float16[0.42, 0.4, 0.18]
[[0.915929 0.0; 0.0 0.084071], [0.658394 0.0; 0.0 0.341606], [0.792327 0.0; 0.0 0.207673]]:0.3947:ComplexF64[0.2615 + 0.0im, 0.0 - 0.0im]:Float16[0.28, 0.39, 0.33]
[[0.506007 0.0; 0.0 0.493993], [0.391853 0.0; 0.0 0.608147], [0.714262 0.0; 0.0 0.285738]]:0.3999:ComplexF64[0.2023 + 0.0im, 0.0 - 0.0im]:Float16[0.4, 0.32, 0.28]
[[0.785584 0.0; 0.0 0.214416], [0.088067 0.0; 0.0 0.911933], [0.377172 0.0; 0.0 0.622828]]:0.4654:ComplexF64[0.1735 + 0.0im, 0.0 - 0.0im]:Float16[0.22, 0.32, 0.46]
[[0.753997 0.0; 0.0 0.246003], [0.79361 0.0; 0.0 0.20639], [0.612995 0.0; 0.0 0.387005]]:0.3871:ComplexF64[0.2864 + 0.0im, 0.0 - 0.0im]:Float16[0.38, 0.36, 0.26]
[[0.142484 0.0; 0.0 0.857516], [0.25926 0.0; 0.0 0.74074], [0.313651 0.0; 0.0 0.686349]]:0.3691:ComplexF64[0.1098 + 0.0im, 0.0 - 0.0im]:Float16[0.3, 0.35, 0.35]
[[0.442099 0.0; 0.0 0.557901], [0.395498 0.0; 0.0 0.604502], [0.113744 0.0; 0.0 0.886256]]:0.3896:ComplexF64[0.1592 + 0.0im, 0.0 - 0.0im]:Float16[0.36, 0.38, 0.26]
[[0.821357 0.0; 0.0 0.178643], [0.233042 0.0; 0.0 0.766958], [0.467008 0.0; 0.0 0.532992]]:0.4432:ComplexF64[0.2054 + 0.0im, 0.0 - 0.0im]:Float16[0.25, 0.31, 0.44]
[[0.64826 0.0; 0.0 0.35174], [0.275824 0.0; 0.0 0.724176], [0.276945 0.0; 0.0 0.723055]]:0.4136:ComplexF64[0.1167 + 0.0im, 0.0 - 0.0im]:Float16[0.18, 0.41, 0.41]
[[0.399293 0.0; 0.0 0.600707], [0.138105 0.0; 0.0 0.861895], [0.775695 0.0; 0.0 0.224305]]:0.4555:ComplexF64[0.1797 + 0.0im, 0.0 - 0.0im]:Float16[0.45, 0.32, 0.23]
[[0.572913 0.0; 0.0 0.427087], [0.592078 0.0; 0.0 0.407922], [0.499589 0.0; 0.0 0.500411]]:0.3565:ComplexF64[0.2014 + 0.0im, 0.0 - 0.0im]:Float16[0.35, 0.34, 0.31]
[[0.728805 0.0; 0.0 0.271195], [0.80631 0.0; 0.0 0.19369], [0.427131 0.0; 0.0 0.572869]]:0.4208:ComplexF64[0.3063 + 0.0im, 0.0 - 0.0im]:Float16[0.42, 0.38, 0.2]
[[0.478556 0.0; 0.0 0.521444], [0.483674 0.0; 0.0 0.516326], [0.398385 0.0; 0.0 0.601615]]:0.3519:ComplexF64[0.1693 + 0.0im, 0.0 - 0.0im]:Float16[0.35, 0.35, 0.3]
[[0.654351 0.0; 0.0 0.345649], [0.356805 0.0; 0.0 0.643195], [0.37162 0.0; 0.0 0.62838]]:0.3955:ComplexF64[0.1505 + 0.0im, 0.0 - 0.0im]:Float16[0.23, 0.38, 0.39]
[[0.585844 0.0; 0.0 0.414156], [0.409873 0.0; 0.0 0.590127], [0.515367 0.0; 0.0 0.484633]]:0.3728:ComplexF64[0.1934 + 0.0im, 0.0 - 0.0im]:Float16[0.33, 0.3, 0.37]
[[0.591075 0.0; 0.0 0.408925], [0.360512 0.0; 0.0 0.639488], [0.599273 0.0; 0.0 0.400727]]:0.383:ComplexF64[0.2276 + 0.0im, 0.0 - 0.0im]:Float16[0.38, 0.24, 0.38]
[[0.899051 0.0; 0.0 0.100949], [0.37704 0.0; 0.0 0.62296], [0.635987 0.0; 0.0 0.364013]]:0.4399:ComplexF64[0.2798 + 0.0im, 0.0 - 0.0im]:Float16[0.31, 0.25, 0.44]
[[0.627428 0.0; 0.0 0.372572], [0.816799 0.0; 0.0 0.183201], [0.558029 0.0; 0.0 0.441971]]:0.3842:ComplexF64[0.2384 + 0.0im, 0.0 - 0.0im]:Float16[0.38, 0.29, 0.33]
[[0.510539 0.0; 0.0 0.489461], [0.647087 0.0; 0.0 0.352913], [0.889511 0.0; 0.0 0.110489]]:0.4105:ComplexF64[0.2588 + 0.0im, 0.0 - 0.0im]:Float16[0.31, 0.4, 0.29]
[[0.341068 0.0; 0.0 0.658932], [0.59696 0.0; 0.0 0.40304], [0.020927 0.0; 0.0 0.979073]]:0.449:ComplexF64[0.1552 + 0.0im, 0.0 - 0.0im]:Float16[0.44, 0.26, 0.3]
[[0.028764 0.0; 0.0 0.971236], [0.545114 0.0; 0.0 0.454886], [0.071419 0.0; 0.0 0.928581]]:0.4806:ComplexF64[0.0436 + 0.0im, 0.0 - 0.0im]:Float16[0.45, 0.08, 0.47]
[[0.215114 0.0; 0.0 0.784886], [0.084874 0.0; 0.0 0.915126], [0.57514 0.0; 0.0 0.42486]]:0.451:ComplexF64[0.0978 + 0.0im, 0.0 - 0.0im]:Float16[0.45, 0.38, 0.17]
[[0.472088 0.0; 0.0 0.527912], [0.148301 0.0; 0.0 0.851699], [0.422199 0.0; 0.0 0.577801]]:0.3906:ComplexF64[0.1653 + 0.0im, 0.0 - 0.0im]:Float16[0.35, 0.26, 0.39]
[[0.356169 0.0; 0.0 0.643831], [0.801896 0.0; 0.0 0.198104], [0.828553 0.0; 0.0 0.171447]]:0.4429:ComplexF64[0.3528 + 0.0im, 0.0 - 0.0im]:Float16[0.14, 0.44, 0.42]
[[0.822448 0.0; 0.0 0.177552], [0.684307 0.0; 0.0 0.315693], [0.727839 0.0; 0.0 0.272161]]:0.3612:ComplexF64[0.2475 + 0.0im, 0.0 - 0.0im]:Float16[0.3, 0.36, 0.34]
[[0.177589 0.0; 0.0 0.822411], [0.426133 0.0; 0.0 0.573867], [0.682821 0.0; 0.0 0.317179]]:0.4311:ComplexF64[0.1844 + 0.0im, 0.0 - 0.0im]:Float16[0.3, 0.43, 0.27]
[[0.822752 0.0; 0.0 0.177248], [0.409931 0.0; 0.0 0.590069], [0.647537 0.0; 0.0 0.352463]]:0.4199:ComplexF64[0.2719 + 0.0im, 0.0 - 0.0im]:Float16[0.33, 0.25, 0.42]
[[0.471835 0.0; 0.0 0.528165], [0.762507 0.0; 0.0 0.237493], [0.33781 0.0; 0.0 0.66219]]:0.4168:ComplexF64[0.1983 + 0.0im, 0.0 - 0.0im]:Float16[0.41, 0.26, 0.33]
[[0.528765 0.0; 0.0 0.471235], [0.557191 0.0; 0.0 0.442809], [0.489751 0.0; 0.0 0.510249]]:0.3501:ComplexF64[0.1851 + 0.0im, 0.0 - 0.0im]:Float16[0.35, 0.33, 0.32]
[[0.240332 0.0; 0.0 0.759668], [0.503716 0.0; 0.0 0.496284], [0.748278 0.0; 0.0 0.251722]]:0.4304:ComplexF64[0.217 + 0.0im, 0.0 - 0.0im]:Float16[0.28, 0.43, 0.29]
[[0.733813 0.0; 0.0 0.266187], [0.408788 0.0; 0.0 0.591212], [0.540282 0.0; 0.0 0.459718]]:0.3999:ComplexF64[0.2161 + 0.0im, 0.0 - 0.0im]:Float16[0.29, 0.31, 0.4]
[[0.381252 0.0; 0.0 0.618748], [0.361332 0.0; 0.0 0.638668], [0.494247 0.0; 0.0 0.505753]]:0.367:ComplexF64[0.1434 + 0.0im, 0.0 - 0.0im]:Float16[0.36, 0.35, 0.29]
[[0.69159 0.0; 0.0 0.30841], [0.279357 0.0; 0.0 0.720643], [0.795418 0.0; 0.0 0.204582]]:0.439:ComplexF64[0.3022 + 0.0im, 0.0 - 0.0im]:Float16[0.43, 0.19, 0.38]
[[0.732401 0.0; 0.0 0.267599], [0.15207 0.0; 0.0 0.84793], [0.686744 0.0; 0.0 0.313256]]:0.4359:ComplexF64[0.3002 + 0.0im, 0.0 - 0.0im]:Float16[0.41, 0.16, 0.43]
[[0.190117 0.0; 0.0 0.809883], [0.732329 0.0; 0.0 0.267671], [0.287832 0.0; 0.0 0.712168]]:0.4424:ComplexF64[0.1266 + 0.0im, 0.0 - 0.0im]:Float16[0.39, 0.17, 0.44]
[[0.569602 0.0; 0.0 0.430398], [0.355041 0.0; 0.0 0.644959], [0.476863 0.0; 0.0 0.523137]]:0.381:ComplexF64[0.1823 + 0.0im, 0.0 - 0.0im]:Float16[0.32, 0.3, 0.38]
[[0.556589 0.0; 0.0 0.443411], [0.726088 0.0; 0.0 0.273912], [0.484653 0.0; 0.0 0.515347]]:0.3815:ComplexF64[0.2114 + 0.0im, 0.0 - 0.0im]:Float16[0.38, 0.29, 0.33]
[[0.132721 0.0; 0.0 0.867279], [0.554293 0.0; 0.0 0.445707], [0.699078 0.0; 0.0 0.300922]]:0.4364:ComplexF64[0.2447 + 0.0im, 0.0 - 0.0im]:Float16[0.22, 0.43, 0.35]
[[0.243828 0.0; 0.0 0.756172], [0.499228 0.0; 0.0 0.500772], [0.664794 0.0; 0.0 0.335206]]:0.4179:ComplexF64[0.2061 + 0.0im, 0.0 - 0.0im]:Float16[0.28, 0.41, 0.31]
[[0.428288 0.0; 0.0 0.571712], [0.181999 0.0; 0.0 0.818001], [0.540504 0.0; 0.0 0.459496]]:0.4021:ComplexF64[0.173 + 0.0im, 0.0 - 0.0im]:Float16[0.4, 0.28, 0.32]
[[0.348571 0.0; 0.0 0.651429], [0.22362 0.0; 0.0 0.77638], [0.944168 0.0; 0.0 0.055832]]:0.4555:ComplexF64[0.1606 + 0.0im, 0.0 - 0.0im]:Float16[0.45, 0.38, 0.17]
[[0.918541 0.0; 0.0 0.081459], [0.513589 0.0; 0.0 0.486411], [0.146906 0.0; 0.0 0.853094]]:0.4717:ComplexF64[0.2414 + 0.0im, 0.0 - 0.0im]:Float16[0.26, 0.47, 0.27]
[[0.271142 0.0; 0.0 0.728858], [0.223062 0.0; 0.0 0.776938], [0.561639 0.0; 0.0 0.438361]]:0.4152:ComplexF64[0.1122 + 0.0im, 0.0 - 0.0im]:Float16[0.41, 0.39, 0.2]
[[0.202877 0.0; 0.0 0.797123], [0.414346 0.0; 0.0 0.585654], [0.082214 0.0; 0.0 0.917786]]:0.4218:ComplexF64[0.174 + 0.0im, 0.0 - 0.0im]:Float16[0.31, 0.42, 0.27]
[[0.382634 0.0; 0.0 0.617366], [0.374978 0.0; 0.0 0.625022], [0.955482 0.0; 0.0 0.044518]]:0.4217:ComplexF64[0.1625 + 0.0im, 0.0 - 0.0im]:Float16[0.42, 0.41, 0.17]
[[0.297316 0.0; 0.0 0.702684], [0.68109 0.0; 0.0 0.31891], [0.324286 0.0; 0.0 0.675714]]:0.4132:ComplexF64[0.1362 + 0.0im, 0.0 - 0.0im]:Float16[0.39, 0.2, 0.41]
[[0.652526 0.0; 0.0 0.347474], [0.431381 0.0; 0.0 0.568619], [0.27562 0.0; 0.0 0.72438]]:0.4099:ComplexF64[0.1768 + 0.0im, 0.0 - 0.0im]:Float16[0.27, 0.41, 0.32]
[[0.382949 0.0; 0.0 0.617051], [0.758017 0.0; 0.0 0.241983], [0.415924 0.0; 0.0 0.584076]]:0.4011:ComplexF64[0.1667 + 0.0im, 0.0 - 0.0im]:Float16[0.38, 0.22, 0.4]
[[0.675801 0.0; 0.0 0.324199], [0.395768 0.0; 0.0 0.604232], [0.372651 0.0; 0.0 0.627349]]:0.3937:ComplexF64[0.1554 + 0.0im, 0.0 - 0.0im]:Float16[0.23, 0.39, 0.38]
[[0.331152 0.0; 0.0 0.668848], [0.729477 0.0; 0.0 0.270523], [0.440568 0.0; 0.0 0.559432]]:0.4117:ComplexF64[0.1824 + 0.0im, 0.0 - 0.0im]:Float16[0.34, 0.25, 0.41]
[[0.549141 0.0; 0.0 0.450859], [0.977717 0.0; 0.0 0.022283], [0.466652 0.0; 0.0 0.533348]]:0.417:ComplexF64[0.225 + 0.0im, 0.0 - 0.0im]:Float16[0.41, 0.23, 0.36]
[[0.180606 0.0; 0.0 0.819394], [0.067761 0.0; 0.0 0.932239], [0.788579 0.0; 0.0 0.211421]]:0.4782:ComplexF64[0.0868 + 0.0im, 0.0 - 0.0im]:Float16[0.47, 0.42, 0.11]
[[0.689673 0.0; 0.0 0.310327], [0.624059 0.0; 0.0 0.375941], [0.325989 0.0; 0.0 0.674011]]:0.4099:ComplexF64[0.2558 + 0.0im, 0.0 - 0.0im]:Float16[0.37, 0.41, 0.22]
[[0.15696 0.0; 0.0 0.84304], [0.275035 0.0; 0.0 0.724965], [0.579344 0.0; 0.0 0.420656]]:0.4303:ComplexF64[0.1183 + 0.0im, 0.0 - 0.0im]:Float16[0.37, 0.43, 0.2]
[[0.345646 0.0; 0.0 0.654354], [0.421479 0.0; 0.0 0.578521], [0.672325 0.0; 0.0 0.327675]]:0.3999:ComplexF64[0.1686 + 0.0im, 0.0 - 0.0im]:Float16[0.35, 0.4, 0.25]
[[0.907026 0.0; 0.0 0.092974], [0.692992 0.0; 0.0 0.307008], [0.307332 0.0; 0.0 0.692668]]:0.4561:ComplexF64[0.3175 + 0.0im, 0.0 - 0.0im]:Float16[0.35, 0.45, 0.2]
[[0.333308 0.0; 0.0 0.666692], [0.364764 0.0; 0.0 0.635236], [0.4793 0.0; 0.0 0.5207]]:0.3701:ComplexF64[0.135 + 0.0im, 0.0 - 0.0im]:Float16[0.35, 0.37, 0.28]
[[0.732875 0.0; 0.0 0.267125], [0.305136 0.0; 0.0 0.694864], [0.540987 0.0; 0.0 0.459013]]:0.4199:ComplexF64[0.2272 + 0.0im, 0.0 - 0.0im]:Float16[0.31, 0.27, 0.42]
[[0.625544 0.0; 0.0 0.374456], [0.174505 0.0; 0.0 0.825495], [0.52279 0.0; 0.0 0.47721]]:0.4171:ComplexF64[0.219 + 0.0im, 0.0 - 0.0im]:Float16[0.35, 0.24, 0.41]
[[0.031062 0.0; 0.0 0.968938], [0.699275 0.0; 0.0 0.300725], [0.332198 0.0; 0.0 0.667802]]:0.4639:ComplexF64[0.1538 + 0.0im, 0.0 - 0.0im]:Float16[0.32, 0.22, 0.46]
[[0.372038 0.0; 0.0 0.627962], [0.392559 0.0; 0.0 0.607441], [0.572074 0.0; 0.0 0.427926]]:0.3799:ComplexF64[0.1491 + 0.0im, 0.0 - 0.0im]:Float16[0.36, 0.38, 0.26]
[[0.178417 0.0; 0.0 0.821583], [0.652266 0.0; 0.0 0.347734], [0.527745 0.0; 0.0 0.472255]]:0.42:ComplexF64[0.2217 + 0.0im, 0.0 - 0.0im]:Float16[0.24, 0.34, 0.42]
[[0.54814 0.0; 0.0 0.45186], [0.413658 0.0; 0.0 0.586342], [0.476901 0.0; 0.0 0.523099]]:0.3638:ComplexF64[0.1754 + 0.0im, 0.0 - 0.0im]:Float16[0.32, 0.32, 0.36]
[[0.452905 0.0; 0.0 0.547095], [0.519248 0.0; 0.0 0.480752], [0.645749 0.0; 0.0 0.354251]]:0.3743:ComplexF64[0.1938 + 0.0im, 0.0 - 0.0im]:Float16[0.33, 0.37, 0.3]
[[0.190312 0.0; 0.0 0.809688], [0.334547 0.0; 0.0 0.665453], [0.277198 0.0; 0.0 0.722802]]:0.3663:ComplexF64[0.1205 + 0.0im, 0.0 - 0.0im]:Float16[0.3, 0.36, 0.34]
[[0.777872 0.0; 0.0 0.222128], [0.779554 0.0; 0.0 0.220446], [0.693685 0.0; 0.0 0.306315]]:0.3601:ComplexF64[0.2498 + 0.0im, 0.0 - 0.0im]:Float16[0.32, 0.32, 0.36]
[[0.899059 0.0; 0.0 0.100941], [0.301183 0.0; 0.0 0.698817], [0.127681 0.0; 0.0 0.872319]]:0.4723:ComplexF64[0.1439 + 0.0im, 0.0 - 0.0im]:Float16[0.16, 0.47, 0.37]
[[0.742913 0.0; 0.0 0.257087], [0.406194 0.0; 0.0 0.593806], [0.32153 0.0; 0.0 0.67847]]:0.4152:ComplexF64[0.1709 + 0.0im, 0.0 - 0.0im]:Float16[0.23, 0.41, 0.36]
[[0.505609 0.0; 0.0 0.494391], [0.262785 0.0; 0.0 0.737215], [0.536603 0.0; 0.0 0.463397]]:0.3849:ComplexF64[0.1932 + 0.0im, 0.0 - 0.0im]:Float16[0.38, 0.26, 0.36]
[[0.476214 0.0; 0.0 0.523786], [0.828549 0.0; 0.0 0.171451], [0.571747 0.0; 0.0 0.428253]]:0.4015:ComplexF64[0.2286 + 0.0im, 0.0 - 0.0im]:Float16[0.33, 0.27, 0.4]
[[0.273078 0.0; 0.0 0.726922], [0.363034 0.0; 0.0 0.636966], [0.059988 0.0; 0.0 0.940012]]:0.3924:ComplexF64[0.1379 + 0.0im, 0.0 - 0.0im]:Float16[0.35, 0.38, 0.27]
[[0.592535 0.0; 0.0 0.407465], [0.142595 0.0; 0.0 0.857405], [0.662541 0.0; 0.0 0.337459]]:0.4231:ComplexF64[0.2517 + 0.0im, 0.0 - 0.0im]:Float16[0.42, 0.2, 0.38]
[[0.377023 0.0; 0.0 0.622977], [0.524659 0.0; 0.0 0.475341], [0.49192 0.0; 0.0 0.50808]]:0.3654:ComplexF64[0.1784 + 0.0im, 0.0 - 0.0im]:Float16[0.3, 0.34, 0.36]
[[0.31484 0.0; 0.0 0.68516], [0.757906 0.0; 0.0 0.242094], [0.747002 0.0; 0.0 0.252998]]:0.4279:ComplexF64[0.3183 + 0.0im, 0.0 - 0.0im]:Float16[0.16, 0.42, 0.42]
[[0.482286 0.0; 0.0 0.517714], [0.60711 0.0; 0.0 0.39289], [0.274512 0.0; 0.0 0.725488]]:0.4014:ComplexF64[0.1943 + 0.0im, 0.0 - 0.0im]:Float16[0.4, 0.32, 0.28]
[[0.774603 0.0; 0.0 0.225397], [0.622907 0.0; 0.0 0.377093], [0.237487 0.0; 0.0 0.762513]]:0.4389:ComplexF64[0.2712 + 0.0im, 0.0 - 0.0im]:Float16[0.35, 0.43, 0.22]
[[0.776799 0.0; 0.0 0.223201], [0.390384 0.0; 0.0 0.609616], [0.175596 0.0; 0.0 0.824404]]:0.4499:ComplexF64[0.1756 + 0.0im, 0.0 - 0.0im]:Float16[0.22, 0.45, 0.33]
[[0.288382 0.0; 0.0 0.711618], [0.333027 0.0; 0.0 0.666973], [0.866272 0.0; 0.0 0.133728]]:0.4341:ComplexF64[0.1473 + 0.0im, 0.0 - 0.0im]:Float16[0.4, 0.43, 0.17]
[[0.345224 0.0; 0.0 0.654776], [0.501389 0.0; 0.0 0.498611], [0.50039 0.0; 0.0 0.49961]]:0.3639:ComplexF64[0.1806 + 0.0im, 0.0 - 0.0im]:Float16[0.28, 0.36, 0.36]
[[0.957753 0.0; 0.0 0.042247], [0.251109 0.0; 0.0 0.748891], [0.405929 0.0; 0.0 0.594071]]:0.4523:ComplexF64[0.1826 + 0.0im, 0.0 - 0.0im]:Float16[0.19, 0.36, 0.45]
[[0.163954 0.0; 0.0 0.836046], [0.823033 0.0; 0.0 0.176967], [0.48524 0.0; 0.0 0.51476]]:0.4564:ComplexF64[0.2222 + 0.0im, 0.0 - 0.0im]:Float16[0.28, 0.27, 0.45]
[[0.496908 0.0; 0.0 0.503092], [0.423067 0.0; 0.0 0.576933], [0.514186 0.0; 0.0 0.485814]]:0.3538:ComplexF64[0.1749 + 0.0im, 0.0 - 0.0im]:Float16[0.35, 0.31, 0.34]
[[0.743464 0.0; 0.0 0.256536], [0.778843 0.0; 0.0 0.221157], [0.788432 0.0; 0.0 0.211568]]:0.3475:ComplexF64[0.2602 + 0.0im, 0.0 - 0.0im]:Float16[0.34, 0.33, 0.33]
[[0.137655 0.0; 0.0 0.862345], [0.91209 0.0; 0.0 0.08791], [0.730209 0.0; 0.0 0.269791]]:0.4759:ComplexF64[0.3465 + 0.0im, 0.0 - 0.0im]:Float16[0.15, 0.38, 0.47]
[[0.199109 0.0; 0.0 0.800891], [0.274415 0.0; 0.0 0.725585], [0.305964 0.0; 0.0 0.694036]]:0.3554:ComplexF64[0.1071 + 0.0im, 0.0 - 0.0im]:Float16[0.31, 0.34, 0.35]
[[0.796039 0.0; 0.0 0.203961], [0.895596 0.0; 0.0 0.104404], [0.438346 0.0; 0.0 0.561654]]:0.4457:ComplexF64[0.3502 + 0.0im, 0.0 - 0.0im]:Float16[0.44, 0.39, 0.17]
